                  Open        High         Low       Close   Adj Close    Volume
Date                                                                            
2023-10-02  316.279999  321.890015  315.179993  321.799988  321.799988  20570000
2023-10-03  320.829987  321.390015  311.209991  313.390015  313.390015  21033500
2023-10-04  314.029999  320.040009  314.000000  318.959991  318.959991  20720100
2023-10-05  319.089996  319.980011  314.899994  319.359985  319.359985  16965600
2023-10-06  316.549988  329.190002  316.299988  327.260010  327.260010  25645500
2023-10-09  324.750000  330.299988  323.179993  329.820007  329.820007  19891200
2023-10-10  330.959991  331.100006  327.670013  328.390015  328.390015  20557100
2023-10-11  331.209991  332.820007  329.140015  332.420013  332.420013  20063200
2023-10-12  330.570007  333.630005  328.720001  331.160004  331.160004  19313100
2023-10-13  332.380005  333.829987  326.359985  327.730011  327.730011  21072400